51
0,179 0,181 0,182 0,183 0,184 0,185 0,19 0,192 0,198 0,198 0,205 0,207 0,217 0,218 0,23 0,231 0,243 0,248 0,257 0,267 0,273 0,291 0,292 0,311 0,32 0,331 0,353 0,357 0,376 0,403 0,411 0,427 0,453 0,48 0,502 0,51 0,541 0,571 0,604 0,636 0,67 0,705 0,74 0,775 0,812 0,849 0,887 0,924 0,962 1 1 
2067,75 1987,917 2127,333 2188 2252,833 1899,083 1808,25 2281,25 1696,833 2321,333 2361,167 1593 2367,917 1481 2370,833 1351,917 2370,583 1211,167 2372,25 1064,25 2367,583 2341,083 910,417 2316,917 740,917 2290,917 2248,5 575,5 2193,75 2116,167 392,417 2070,75 1996,667 1921,25 203,25 1836,167 1731,833 1636,667 1530,5 1415,917 1300,333 1174,25 1045,167 914,333 770,333 623,75 472,083 318,25 161,5 3 1 
51
0,179 0,182 0,182 0,183 0,185 0,185 0,19 0,19 0,196 0,199 0,204 0,206 0,217 0,217 0,228 0,232 0,243 0,248 0,259 0,267 0,272 0,292 0,293 0,31 0,321 0,331 0,352 0,357 0,375 0,404 0,412 0,428 0,452 0,48 0,5 0,51 0,54 0,572 0,603 0,636 0,671 0,706 0,739 0,776 0,812 0,85 0,886 0,924 0,962 1 1 
2060,25 2127,5 2192,5 1977,25 2253,5 1887,25 2290,5 1808,25 2342 1682 2358,25 1589,75 2362 1472,5 2377,5 1342,5 2360,25 1218,25 2358,25 1067,25 2365,75 2338 902 2327 742,75 2289,25 2247,75 580,5 2191,5 2114,25 391,75 2055,25 2009 1919,25 202,75 1844,75 1730,5 1629,25 1535,75 1418,25 1292,5 1163,5 1049,75 909,25 773,75 620,75 476 320,5 161,25 3 1 
51
0,178 0,181 0,182 0,183 0,185 0,186 0,193 0,193 0,197 0,2 0,204 0,207 0,216 0,218 0,229 0,231 0,244 0,248 0,258 0,268 0,273 0,291 0,293 0,313 0,32 0,332 0,352 0,358 0,377 0,404 0,412 0,426 0,453 0,482 0,503 0,51 0,542 0,57 0,603 0,637 0,669 0,705 0,74 0,775 0,812 0,849 0,887 0,924 0,962 1 1 
2070 1988,25 2183,5 2113 2245,75 1890,25 2270,25 1790,75 1709,25 2320,5 2360,5 1594,75 2372,5 1486,5 2374,5 1351 2371,75 1201,75 2372,25 1067,25 2376 2340,75 911,25 2302,75 736,5 2285,5 2257,75 571,5 2197 2117 394 2083 1992,75 1908,75 203 1836,75 1723,5 1646,25 1534,25 1410 1307,5 1179,5 1040,5 915,25 768,75 625,5 469,75 317,5 161,25 3 1 
51
0,18 0,181 0,181 0,183 0,184 0,185 0,188 0,194 0,198 0,2 0,206 0,208 0,218 0,218 0,231 0,232 0,242 0,247 0,256 0,267 0,275 0,29 0,292 0,311 0,321 0,33 0,354 0,357 0,376 0,401 0,41 0,426 0,455 0,479 0,501 0,51 0,54 0,572 0,606 0,637 0,67 0,704 0,74 0,775 0,812 0,849 0,887 0,924 0,962 1 1 
2141,5 1998,25 2073 2259,25 2188 1919,75 1825,75 2283 1699,25 2301,5 2364,75 1594,5 1484 2369,25 1362,25 2360,5 2379,75 1213,5 2386,25 1058,25 2361 918 2344,5 2321 743,5 2298 2240 574,5 2192,75 2117,25 391,5 2074 1988,25 1935,75 204 1827 1741,5 1634,5 1521,5 1419,5 1301 1179,75 1045,25 918,5 768,5 625 470,5 316,75 162 3 1 
16
0,062 0,125 0,188 0,25 0,312 0,375 0,438 0,5 0,562 0,625 0,688 0,75 0,812 0,875 0,938 1 
0,891 0,786 0,682 0,588 0,512 0,48 0,396 0,381 0,39 0,432 0,387 0,467 0,542 0,691 0,938 1 
51
0,004 0,02 0,039 0,059 0,078 0,098 0,117 0,137 0,156 0,18 0,199 0,219 0,238 0,258 0,277 0,297 0,316 0,34 0,359 0,379 0,398 0,418 0,438 0,457 0,477 0,5 0,52 0,539 0,559 0,578 0,598 0,617 0,637 0,656 0,68 0,699 0,719 0,738 0,758 0,777 0,797 0,816 0,84 0,859 0,879 0,898 0,918 0,938 0,957 0,977 1 
0,993 0,964 0,927 0,891 0,857 0,823 0,786 0,755 0,719 0,679 0,649 0,623 0,586 0,562 0,532 0,504 0,478 0,447 0,422 0,397 0,381 0,36 0,344 0,329 0,31 0,296 0,277 0,282 0,268 0,264 0,248 0,256 0,245 0,253 0,255 0,25 0,254 0,264 0,271 0,286 0,304 0,321 0,345 0,364 0,395 0,43 0,473 0,524 0,598 0,706 1 
51
0 0,02 0,04 0,06 0,08 0,1 0,12 0,14 0,16 0,18 0,2 0,22 0,24 0,26 0,28 0,3 0,32 0,34 0,36 0,38 0,4 0,42 0,44 0,46 0,48 0,5 0,52 0,54 0,56 0,58 0,6 0,62 0,64 0,66 0,68 0,7 0,72 0,74 0,76 0,78 0,8 0,82 0,84 0,86 0,88 0,9 0,92 0,94 0,96 0,98 1 
1 0,962 0,924 0,887 0,849 0,812 0,775 0,74 0,705 0,67 0,636 0,604 0,571 0,541 0,51 0,48 0,453 0,427 0,403 0,376 0,353 0,331 0,311 0,291 0,273 0,257 0,243 0,23 0,217 0,205 0,198 0,192 0,184 0,183 0,182 0,179 0,181 0,185 0,19 0,198 0,207 0,218 0,231 0,248 0,267 0,292 0,32 0,357 0,411 0,502 1 
51
0 0,02 0,04 0,06 0,08 0,1 0,12 0,14 0,16 0,18 0,2 0,22 0,24 0,26 0,28 0,3 0,32 0,34 0,36 0,38 0,4 0,42 0,44 0,46 0,48 0,5 0,52 0,54 0,56 0,58 0,6 0,62 0,64 0,66 0,68 0,7 0,72 0,74 0,76 0,78 0,8 0,82 0,84 0,86 0,88 0,9 0,92 0,94 0,96 0,98 1 
3 161,5 318,25 472,083 623,75 770,333 914,333 1045,167 1174,25 1300,333 1415,917 1530,5 1636,667 1731,833 1836,167 1921,25 1996,667 2070,75 2116,167 2193,75 2248,5 2290,917 2316,917 2341,083 2367,583 2372,25 2370,583 2370,833 2367,917 2361,167 2321,333 2281,25 2252,833 2188 2127,333 2067,75 1987,917 1899,083 1808,25 1696,833 1593 1481 1351,917 1211,167 1064,25 910,417 740,917 575,5 392,417 203,25 1 
31
0,198 0,205 0,217 0,23 0,243 0,257 0,273 0,291 0,311 0,331 0,353 0,376 0,403 0,427 0,453 0,48 0,51 0,541 0,571 0,604 0,636 0,67 0,705 0,74 0,775 0,812 0,849 0,887 0,924 0,962 1 
2321,333 2361,167 2367,917 2370,833 2370,583 2372,25 2367,583 2341,083 2316,917 2290,917 2248,5 2193,75 2116,167 2070,75 1996,667 1921,25 1836,167 1731,833 1636,667 1530,5 1415,917 1300,333 1174,25 1045,167 914,333 770,333 623,75 472,083 318,25 161,5 3 
